4.939999878406524658e-01
5.000000000000000000e-01
5.059999823570251465e-01
5.109999775886535645e-01
nan
nan
6.320000290870666504e-01
6.219999790191650391e-01
6.129999756813049316e-01
6.050000190734863281e-01
5.970000028610229492e-01
5.879999995231628418e-01
5.820000171661376953e-01
5.759999752044677734e-01
5.690000057220458984e-01
5.640000104904174805e-01
5.590000152587890625e-01
5.540000200271606445e-01
5.490000247955322266e-01
5.460000038146972656e-01
5.419999957084655762e-01
5.379999876022338867e-01
5.339999794960021973e-01
5.320000052452087402e-01
5.299999713897705078e-01
5.279999971389770508e-01
5.249999761581420898e-01
5.239999890327453613e-01
5.230000019073486328e-01
5.220000147819519043e-01
5.199999809265136719e-01
5.199999809265136719e-01
5.189999938011169434e-01
5.199999809265136719e-01
5.199999809265136719e-01
5.199999809265136719e-01
5.220000147819519043e-01
5.220000147819519043e-01
5.230000019073486328e-01
5.249999761581420898e-01
5.279999971389770508e-01
5.299999713897705078e-01
5.320000052452087402e-01
5.350000262260437012e-01
5.389999747276306152e-01
5.419999957084655762e-01
5.540000200271606445e-01
5.690000057220458984e-01
5.789999961853027344e-01
5.360000133514404297e-01
5.509999990463256836e-01
5.669999718666076660e-01
nan
5.780000090599060059e-01
5.849999785423278809e-01
5.920000076293945312e-01
6.010000109672546387e-01
6.100000143051147461e-01
6.179999709129333496e-01
6.269999742507934570e-01
6.380000114440917969e-01
6.489999890327453613e-01
6.600000262260437012e-01
6.719999909400939941e-01
nan
nan
1.565000057220458984e+00
1.549999952316284180e+00
1.519000053405761719e+00
1.503999948501586914e+00
1.470999956130981445e+00
1.437000036239624023e+00
nan
nan
1.434000015258789062e+00
1.389000058174133301e+00
1.371000051498413086e+00
1.355999946594238281e+00
1.299999952316284180e+00
1.314000010490417480e+00
1.320000052452087402e+00
1.337000012397766113e+00
1.340000033378601074e+00
1.355999946594238281e+00
1.371999979019165039e+00
1.389000058174133301e+00
1.406000018119812012e+00
1.424000024795532227e+00
1.439000010490417480e+00
1.457999944686889648e+00
1.488999962806701660e+00
1.516000032424926758e+00
1.539000034332275391e+00
1.565000057220458984e+00
1.593000054359436035e+00
1.628000020980834961e+00
1.657999992370605469e+00
1.690999984741210938e+00
1.751999974250793457e+00
1.585000038146972656e+00
1.414000034332275391e+00
1.271000027656555176e+00
1.156999945640563965e+00
1.062999963760375977e+00
9.840000271797180176e-01
9.160000085830688477e-01
8.590000271797180176e-01
8.069999814033508301e-01
7.609999775886535645e-01
7.200000286102294922e-01
6.840000152587890625e-01
6.520000100135803223e-01
nan
5.989999771118164062e-01
5.749999880790710449e-01
5.509999990463256836e-01
5.360000133514404297e-01
5.260000228881835938e-01
5.159999728202819824e-01
4.449999928474426270e-01
4.379999935626983643e-01
4.320000112056732178e-01
4.269999861717224121e-01
4.169999957084655762e-01
4.070000052452087402e-01
3.970000147819519043e-01
3.889999985694885254e-01
3.799999952316284180e-01
3.729999959468841553e-01
3.659999966621398926e-01
3.589999973773956299e-01
3.529999852180480957e-01
3.459999859333038330e-01
3.420000076293945312e-01
3.429999947547912598e-01
3.440000116825103760e-01
3.389999866485595703e-01
3.109999895095825195e-01
3.050000071525573730e-01
3.030000030994415283e-01
2.960000038146972656e-01
nan
nan
3.039999902248382568e-01
2.969999909400939941e-01
2.949999868869781494e-01
2.919999957084655762e-01
2.899999916553497314e-01
2.879999876022338867e-01
2.870000004768371582e-01
2.849999964237213135e-01
2.840000092983245850e-01
2.820000052452087402e-01
2.809999883174896240e-01
2.790000140666961670e-01
2.779999971389770508e-01
2.730000019073486328e-01
nan
nan
2.829999923706054688e-01
2.779999971389770508e-01
2.759999930858612061e-01
2.770000100135803223e-01
2.770000100135803223e-01
2.770000100135803223e-01
2.779999971389770508e-01
2.779999971389770508e-01
2.800000011920928955e-01
2.800000011920928955e-01
2.820000052452087402e-01
2.829999923706054688e-01
2.840000092983245850e-01
2.870000004768371582e-01
2.879999876022338867e-01
2.910000085830688477e-01
2.930000126361846924e-01
2.949999868869781494e-01
2.980000078678131104e-01
3.009999990463256836e-01
nan
3.039999902248382568e-01
3.079999983310699463e-01
3.120000064373016357e-01
3.160000145435333252e-01
3.199999928474426270e-01
3.249999880790710449e-01
3.289999961853027344e-01
3.339999914169311523e-01
3.409999907016754150e-01
3.470000028610229492e-01
3.529999852180480957e-01
3.600000143051147461e-01
3.680000007152557373e-01
3.759999871253967285e-01
3.849999904632568359e-01
3.950000107288360596e-01
nan
4.040000140666961670e-01
4.140000045299530029e-01
4.269999861717224121e-01
4.410000145435333252e-01
4.550000131130218506e-01
4.690000116825103760e-01
4.860000014305114746e-01
5.030000209808349609e-01
5.239999890327453613e-01
5.450000166893005371e-01
5.690000057220458984e-01
5.970000028610229492e-01
nan
nan
6.600000262260437012e-01
7.099999785423278809e-01
7.689999938011169434e-01
6.980000138282775879e-01
6.489999890327453613e-01
6.460000276565551758e-01
6.430000066757202148e-01
6.299999952316284180e-01
6.169999837875366211e-01
6.060000061988830566e-01
5.929999947547912598e-01
5.820000171661376953e-01
5.619999766349792480e-01
5.519999861717224121e-01
5.440000295639038086e-01
5.360000133514404297e-01
5.289999842643737793e-01
5.220000147819519043e-01
5.139999985694885254e-01
5.080000162124633789e-01
5.009999871253967285e-01
4.930000007152557373e-01
4.790000021457672119e-01
nan
nan
4.830000102519989014e-01
4.729999899864196777e-01
4.690000116825103760e-01
4.650000035762786865e-01
4.620000123977661133e-01
4.589999914169311523e-01
4.569999873638153076e-01
4.539999961853027344e-01
4.519999921321868896e-01
4.499999880790710449e-01
4.480000138282775879e-01
4.469999969005584717e-01
4.460000097751617432e-01
nan
4.460000097751617432e-01
4.440000057220458984e-01
4.440000057220458984e-01
4.440000057220458984e-01
4.440000057220458984e-01
4.440000057220458984e-01
4.440000057220458984e-01
4.440000057220458984e-01
4.460000097751617432e-01
4.469999969005584717e-01
4.480000138282775879e-01
4.490000009536743164e-01
4.510000050067901611e-01
4.539999961853027344e-01
4.560000002384185791e-01
4.589999914169311523e-01
4.609999954700469971e-01
4.639999866485595703e-01
4.679999947547912598e-01
4.720000028610229492e-01
4.749999940395355225e-01
4.790000021457672119e-01
4.839999973773956299e-01
4.880000054836273193e-01
