2.164756774902343750e+00
2.170806169509887695e+00
2.087845087051391602e+00
2.007042169570922852e+00
1.962974429130554199e+00
1.904624700546264648e+00
1.853670597076416016e+00
1.807803869247436523e+00
1.761520862579345703e+00
1.698132276535034180e+00
1.672164797782897949e+00
1.647348165512084961e+00
1.602254271507263184e+00
1.553127884864807129e+00
1.525845766067504883e+00
1.519092917442321777e+00
1.470656514167785645e+00
1.435418367385864258e+00
1.420912027359008789e+00
1.384580135345458984e+00
1.369459271430969238e+00
1.334418058395385742e+00
1.306737303733825684e+00
1.293122410774230957e+00
1.277029991149902344e+00
1.262214183807373047e+00
1.247353792190551758e+00
1.225314378738403320e+00
1.210306048393249512e+00
1.199860095977783203e+00
1.195710778236389160e+00
1.137396693229675293e+00
1.144079089164733887e+00
1.171945333480834961e+00
1.124967336654663086e+00
1.110702514648437500e+00
1.131955981254577637e+00
1.099308729171752930e+00
1.088005185127258301e+00
1.090423941612243652e+00
1.072670936584472656e+00
1.060386419296264648e+00
1.043359398841857910e+00
1.045162200927734375e+00
1.034135937690734863e+00
1.046000719070434570e+00
1.029194116592407227e+00
1.021640539169311523e+00
1.023308396339416504e+00
1.011292695999145508e+00
1.012653350830078125e+00
1.000445723533630371e+00
1.006124138832092285e+00
1.002210855484008789e+00
9.993686676025390625e-01
9.715703725814819336e-01
9.874681830406188965e-01
1.010194301605224609e+00
9.996649026870727539e-01
9.922866821289062500e-01
9.640076756477355957e-01
9.777959585189819336e-01
9.813398718833923340e-01
9.791171550750732422e-01
9.887941479682922363e-01
9.686229825019836426e-01
9.589189291000366211e-01
9.908756613731384277e-01
9.926904439926147461e-01
9.817701578140258789e-01
9.871450662612915039e-01
1.004214525222778320e+00
1.002218723297119141e+00
1.005994319915771484e+00
9.939889907836914062e-01
1.003306865692138672e+00
1.017475962638854980e+00
9.929491281509399414e-01
1.021260023117065430e+00
1.028614878654479980e+00
1.016324400901794434e+00
1.033322215080261230e+00
1.037958383560180664e+00
1.053992390632629395e+00
1.038405179977416992e+00
1.036475896835327148e+00
1.045448184013366699e+00
1.049467086791992188e+00
1.068931460380554199e+00
1.080786824226379395e+00
1.091636776924133301e+00
1.100350141525268555e+00
1.101666927337646484e+00
3.097693920135498047e-01
2.911120951175689697e-01
3.008867204189300537e-01
2.985971271991729736e-01
2.802199721336364746e-01
2.856802940368652344e-01
2.767053544521331787e-01
2.650733590126037598e-01
2.649422883987426758e-01
2.482375651597976685e-01
2.623658180236816406e-01
2.537800669670104980e-01
2.235852181911468506e-01
2.170025259256362915e-01
2.341461181640625000e-01
2.370107024908065796e-01
2.205310463905334473e-01
2.225134223699569702e-01
2.088629901409149170e-01
1.944869458675384521e-01
1.996072530746459961e-01
2.279019653797149658e-01
2.302590757608413696e-01
2.178723067045211792e-01
2.250471413135528564e-01
2.202356606721878052e-01
2.371411770582199097e-01
2.420640885829925537e-01
2.439488023519515991e-01
2.607394158840179443e-01
2.511432170867919922e-01
2.653160989284515381e-01
2.748497724533081055e-01
2.859910130500793457e-01
3.174251914024353027e-01
2.927346527576446533e-01
3.218322992324829102e-01
3.298602104187011719e-01
3.537715375423431396e-01
3.576858341693878174e-01
3.662613332271575928e-01
3.812454342842102051e-01
4.045882523059844971e-01
4.467122256755828857e-01
4.569316506385803223e-01
4.805172979831695557e-01
5.317718982696533203e-01
5.666280984878540039e-01
6.176743507385253906e-01
6.640312075614929199e-01
7.312063574790954590e-01
7.816376686096191406e-01
8.774390220642089844e-01
9.900477528572082520e-01
1.137123107910156250e+00
1.252827525138854980e+00
1.256068706512451172e+00
1.263299703598022461e+00
1.241050362586975098e+00
1.241071224212646484e+00
1.259518146514892578e+00
1.236605167388916016e+00
1.256314635276794434e+00
1.239704847335815430e+00
1.276355147361755371e+00
1.274411082267761230e+00
1.246787428855895996e+00
1.267368912696838379e+00
1.271671772003173828e+00
1.265851736068725586e+00
1.282543420791625977e+00
1.277398467063903809e+00
1.281829118728637695e+00
1.292592883110046387e+00
1.285073876380920410e+00
1.303831338882446289e+00
1.273043394088745117e+00
1.301201820373535156e+00
1.319508314132690430e+00
1.337358951568603516e+00
1.341315031051635742e+00
1.336514472961425781e+00
6.083333492279052734e-01
5.560728907585144043e-01
5.650671720504760742e-01
5.115298628807067871e-01
5.137762427330017090e-01
4.976441562175750732e-01
4.864614605903625488e-01
4.590986073017120361e-01
4.767967164516448975e-01
4.639105498790740967e-01
4.677470326423645020e-01
4.613915383815765381e-01
4.825743138790130615e-01
5.059422850608825684e-01
5.049667954444885254e-01
4.891205132007598877e-01
5.211289525032043457e-01
5.284349918365478516e-01
5.259197950363159180e-01
5.517371296882629395e-01
5.429316759109497070e-01
5.484909415245056152e-01
5.707971453666687012e-01
5.483049154281616211e-01
5.745862126350402832e-01
5.684112906455993652e-01
6.185285449028015137e-01
6.195541620254516602e-01
6.345052719116210938e-01
6.388016939163208008e-01
6.559150218963623047e-01
6.592701673507690430e-01
6.869491338729858398e-01
6.915996670722961426e-01
7.121624946594238281e-01
7.304103374481201172e-01
7.534832954406738281e-01
7.858087420463562012e-01
8.062199354171752930e-01
8.254542946815490723e-01
1.316530704498291016e+00
1.315558671951293945e+00
1.305979371070861816e+00
1.288723945617675781e+00
1.288854360580444336e+00
1.263544201850891113e+00
1.260013103485107422e+00
1.260063409805297852e+00
1.256778359413146973e+00
1.238178253173828125e+00
1.233982801437377930e+00
1.228088498115539551e+00
1.224384307861328125e+00
1.223921537399291992e+00
1.213561892509460449e+00
1.189038515090942383e+00
1.203822016716003418e+00
1.188009023666381836e+00
1.194044232368469238e+00
1.203381419181823730e+00
1.188766717910766602e+00
1.190150260925292969e+00
1.168472409248352051e+00
1.178262710571289062e+00
1.167473196983337402e+00
1.193551421165466309e+00
1.176860809326171875e+00
1.146541833877563477e+00
1.176070570945739746e+00
1.154296278953552246e+00
1.161519885063171387e+00
1.163415074348449707e+00
1.172847151756286621e+00
1.161859989166259766e+00
1.188464879989624023e+00
1.162577152252197266e+00
1.166101932525634766e+00
1.189989805221557617e+00
1.196802735328674316e+00
1.182469010353088379e+00
1.199929952621459961e+00
1.196542263031005859e+00
1.190179705619812012e+00
1.190130591392517090e+00
1.212499856948852539e+00
1.219388604164123535e+00
1.226446270942687988e+00
1.230546236038208008e+00
1.260097622871398926e+00
1.241589784622192383e+00
1.258507370948791504e+00
1.264440774917602539e+00
1.286276221275329590e+00
1.299777388572692871e+00
1.295532464981079102e+00
1.296467304229736328e+00
1.331043720245361328e+00
1.326062440872192383e+00
1.343100786209106445e+00
1.341832041740417480e+00
1.322122931480407715e+00
1.283867359161376953e+00
1.279606938362121582e+00
1.226940512657165527e+00
1.194775462150573730e+00
1.170603275299072266e+00
1.128627896308898926e+00
1.118436932563781738e+00
1.095049023628234863e+00
1.062149643898010254e+00
1.062018871307373047e+00
1.029717683792114258e+00
1.016656398773193359e+00
9.986346364021301270e-01
9.709379673004150391e-01
9.408003091812133789e-01
9.388255476951599121e-01
9.239767789840698242e-01
9.099333286285400391e-01
8.862219452857971191e-01
9.009848833084106445e-01
8.890265822410583496e-01
8.624274134635925293e-01
8.703624010086059570e-01
8.383857607841491699e-01
8.230029344558715820e-01
8.226469159126281738e-01
8.263355493545532227e-01
8.002088665962219238e-01
8.117800951004028320e-01
7.874056100845336914e-01
7.729364037513732910e-01
7.819640636444091797e-01
7.603405714035034180e-01
7.576528191566467285e-01
7.552388310432434082e-01
7.670329213142395020e-01
7.531288266181945801e-01
7.385749816894531250e-01
7.607876062393188477e-01
7.288926243782043457e-01
7.332364916801452637e-01
7.434849143028259277e-01
7.190565466880798340e-01
7.074043154716491699e-01
7.159860730171203613e-01
7.124633193016052246e-01
7.049000263214111328e-01
6.920667886734008789e-01
7.064016461372375488e-01
7.046580910682678223e-01
7.195298671722412109e-01
7.014439702033996582e-01
6.963102221488952637e-01
6.964750289916992188e-01
6.929746866226196289e-01
6.973270177841186523e-01
6.881191134452819824e-01
6.847320795059204102e-01
6.994921565055847168e-01
6.889149546623229980e-01
6.879366040229797363e-01
7.060502767562866211e-01
7.022638916969299316e-01
7.247635126113891602e-01
6.841099858283996582e-01
7.041314840316772461e-01
6.992927789688110352e-01
6.819371581077575684e-01
7.001134157180786133e-01
7.141754627227783203e-01
7.109388709068298340e-01
6.996468305587768555e-01
2.015976428985595703e+00
2.041622877120971680e+00
2.049491167068481445e+00
2.041672706604003906e+00
2.060189485549926758e+00
2.054232358932495117e+00
2.093818902969360352e+00
2.100488662719726562e+00
2.122388124465942383e+00
2.110644817352294922e+00
2.150575399398803711e+00
2.169417142868041992e+00
